SCMBranch=Structures
SCMRepository=Structures/MSBuild/BuildTools/Gallio/bin/RSpec/libs/rspec-1.2.7/lib/spec/example
SCMMainlineUUID={a5eb9c95-fdd8-40d3-b610-836f3dffaa1e}
SCMBranchRepositoryID=28331
args_and_options.rb;1469778572;1;1384858082;|38750|254349
before_and_after_hooks.rb;3245810802;1;1384858082;|38751|254350
errors.rb;1304628797;1;1384858082;|38752|254351
example_group.rb;1837210486;1;1384858082;|38753|254352
example_group_factory.rb;914342682;1;1384858082;|38754|254353
example_group_hierarchy.rb;1378153216;1;1384858082;|38755|254354
example_group_methods.rb;1907980394;1;1384858082;|38756|254355
example_group_proxy.rb;1571503146;1;1384858082;|38757|254356
example_matcher.rb;2648283320;1;1384858082;|38758|254357
example_methods.rb;2966373971;1;1384858082;|38759|254358
example_proxy.rb;3513885556;1;1384858082;|38760|254359
module_reopening_fix.rb;4213684196;1;1384858082;|38761|254360
pending.rb;1379920592;1;1384858082;|38762|254361
predicate_matchers.rb;1282812879;1;1384858082;|38763|254362
shared_example_group.rb;707070244;1;1384858082;|38764|254363
subject.rb;145464539;1;1384858082;|38765|254364
