SCMBranch=Structures
SCMRepository=Structures/MSBuild/BuildTools/Gallio/bin/DLR/libs/IronRuby/lib/ruby/1.8
SCMMainlineUUID={a5eb9c95-fdd8-40d3-b610-836f3dffaa1e}
SCMBranchRepositoryID=28216
abbrev.rb;1618714721;1;1384858081;|37989|253588
base64.rb;1201582282;1;1384858081;|37990|253589
benchmark.rb;2901844616;1;1384858081;|37991|253590
cgi-lib.rb;41333417;1;1384858081;|37992|253591
cgi.rb;3388379977;1;1384858081;|37993|253592
complex.rb;2594821729;1;1384858081;|37994|253593
csv.rb;3618301039;1;1384858081;|37995|253594
date.rb;1564050974;1;1384858081;|37996|253595
date2.rb;3158294756;1;1384858081;|37997|253596
debug.rb;2169874639;1;1384858081;|37998|253597
delegate.rb;2634709818;1;1384858081;|37999|253598
digest.rb;1972022987;1;1384858081;|38000|253599
drb.rb;2234850400;1;1384858081;|38001|253600
e2mmap.rb;146063039;1;1384858081;|38002|253601
English.rb;277159555;1;1384858081;|37987|253586
Env.rb;1283521253;1;1384858081;|37988|253587
erb.rb;1174137959;1;1384858081;|38003|253602
eregex.rb;118027840;1;1384858081;|38004|253603
fileutils.rb;1556974569;1;1384858081;|38005|253604
finalize.rb;3847873698;1;1384858081;|38006|253605
find.rb;1106347422;1;1384858081;|38007|253606
forwardable.rb;345777389;1;1384858081;|38008|253607
ftools.rb;2264845061;1;1384858081;|38009|253608
generator.rb;2823257736;1;1384858081;|38010|253609
getoptlong.rb;1530262550;1;1384858081;|38011|253610
getopts.rb;902457829;1;1384858081;|38012|253611
gserver.rb;3897497423;1;1384858081;|38013|253612
importenv.rb;3440092909;1;1384858081;|38014|253613
ipaddr.rb;3820511526;1;1384858081;|38015|253614
irb.rb;2642644005;1;1384858081;|38016|253615
jcode.rb;802773906;1;1384858081;|38017|253616
kconv.rb;2375064826;1;1384858081;|38018|253617
logger.rb;2129888483;1;1384858081;|38019|253618
mailread.rb;1246679961;1;1384858081;|38020|253619
mathn.rb;3780489283;1;1384858081;|38021|253620
matrix.rb;1557856133;1;1384858081;|38022|253621
md5.rb;3929555898;1;1384858081;|38023|253622
mkmf.rb;2432733193;1;1384858081;|38024|253623
monitor.rb;318030380;1;1384858081;|38025|253624
mutex_m.rb;397419308;1;1384858081;|38026|253625
observer.rb;256482566;1;1384858081;|38027|253626
open-uri.rb;130548499;1;1384858081;|38028|253627
open3.rb;1270919908;1;1384858081;|38029|253628
openssl.rb;1235973852;1;1384858081;|38030|253629
optparse.rb;1883470861;1;1384858081;|38031|253630
ostruct.rb;2668468265;1;1384858081;|38032|253631
parsearg.rb;2259882643;1;1384858081;|38033|253632
parsedate.rb;249483758;1;1384858081;|38034|253633
pathname.rb;2567220185;1;1384858081;|38035|253634
ping.rb;802980572;1;1384858081;|38036|253635
pp.rb;4235145586;1;1384858081;|38037|253636
prettyprint.rb;3156891732;1;1384858081;|38038|253637
profile.rb;2182726486;1;1384858081;|38039|253638
profiler.rb;2143626091;1;1384858081;|38040|253639
pstore.rb;424017549;1;1384858081;|38041|253640
rational.rb;1896205855;1;1384858081;|38042|253641
rbconfig.rb;3592473489;1;1384858081;|38043|253642
readbytes.rb;3931863416;1;1384858081;|38044|253643
resolv-replace.rb;366976559;1;1384858081;|38045|253644
resolv.rb;4058220109;1;1384858081;|38046|253645
rss.rb;3296814745;1;1384858081;|38047|253646
rubyunit.rb;4261027252;1;1384858082;|38048|253647
scanf.rb;2942429178;1;1384858082;|38049|253648
set.rb;2109958977;1;1384858082;|38050|253649
sha1.rb;2087519233;1;1384858082;|38051|253650
shell.rb;1785401069;1;1384858082;|38052|253651
shellwords.rb;3488793627;1;1384858082;|38053|253652
singleton.rb;871377480;1;1384858082;|38054|253653
sync.rb;785025418;1;1384858082;|38055|253654
tempfile.rb;3785240304;1;1384858082;|38056|253655
thread.rb;246226408;1;1384858082;|38057|253656
thwait.rb;4262523638;1;1384858082;|38058|253657
time.rb;3527735949;1;1384858082;|38059|253658
timeout.rb;1293582267;1;1384858082;|38060|253659
tmpdir.rb;4082479648;1;1384858082;|38061|253660
tracer.rb;824097931;1;1384858082;|38062|253661
tsort.rb;3297365222;1;1384858082;|38063|253662
un.rb;1606743155;1;1384858082;|38064|253663
uri.rb;293949357;1;1384858082;|38065|253664
weakref.rb;2611096263;1;1384858082;|38066|253665
webrick.rb;1471208536;1;1384858082;|38067|253666
yaml.rb;1537301740;1;1384858082;|38068|253667
