SCMBranch=Structures
SCMRepository=Structures/MSBuild/BuildTools/Gallio/bin/DLR/libs/IronRuby/lib/ruby/1.8/uri
SCMMainlineUUID={a5eb9c95-fdd8-40d3-b610-836f3dffaa1e}
SCMBranchRepositoryID=28275
common.rb;1852621372;1;1384858082;|38366|253965
ftp.rb;85794615;1;1384858082;|38367|253966
generic.rb;3047188674;1;1384858082;|38368|253967
http.rb;2853564875;1;1384858082;|38369|253968
https.rb;642868427;1;1384858082;|38370|253969
ldap.rb;3918899270;1;1384858082;|38371|253970
mailto.rb;150865920;1;1384858082;|38372|253971
