SCMBranch=Structures
SCMRepository=Structures/MSBuild/BuildTools/Gallio/bin/DLR/libs/IronRuby/lib/ruby/1.8/wsdl/xmlSchema
SCMMainlineUUID={a5eb9c95-fdd8-40d3-b610-836f3dffaa1e}
SCMBranchRepositoryID=28281
all.rb;1859527638;1;1384858082;|38446|254045
annotation.rb;2852499381;1;1384858082;|38447|254046
any.rb;3365899669;1;1384858082;|38448|254047
attribute.rb;2014791137;1;1384858082;|38449|254048
choice.rb;3176927432;1;1384858082;|38450|254049
complexContent.rb;265127469;1;1384858082;|38451|254050
complexType.rb;2128161172;1;1384858082;|38452|254051
content.rb;238855408;1;1384858082;|38453|254052
data.rb;1349760686;1;1384858082;|38454|254053
element.rb;3167558213;1;1384858082;|38455|254054
enumeration.rb;511502093;1;1384858082;|38456|254055
import.rb;3534711934;1;1384858082;|38457|254056
importer.rb;1208143323;1;1384858082;|38458|254057
include.rb;60270194;1;1384858082;|38459|254058
length.rb;1942615818;1;1384858082;|38460|254059
parser.rb;221895008;1;1384858082;|38461|254060
pattern.rb;130797241;1;1384858082;|38462|254061
schema.rb;3239049882;1;1384858082;|38463|254062
sequence.rb;2598340264;1;1384858082;|38464|254063
simpleContent.rb;1129561725;1;1384858082;|38465|254064
simpleExtension.rb;2284713105;1;1384858082;|38466|254065
simpleRestriction.rb;1837871626;1;1384858082;|38467|254066
simpleType.rb;3570471981;1;1384858082;|38468|254067
unique.rb;3199616659;1;1384858082;|38469|254068
xsd2ruby.rb;3193335657;1;1384858082;|38470|254069
