SCMBranch=Structures
SCMRepository=Structures/MSBuild/BuildTools/Gallio/bin/DLR/libs/IronRuby/lib/ruby/1.8/rexml
SCMMainlineUUID={a5eb9c95-fdd8-40d3-b610-836f3dffaa1e}
SCMBranchRepositoryID=28247
attlistdecl.rb;2950050246;1;1384858081;|38201|253800
attribute.rb;1025232272;1;1384858081;|38202|253801
cdata.rb;2752229849;1;1384858081;|38203|253802
child.rb;3577196111;1;1384858081;|38204|253803
comment.rb;3311405838;1;1384858081;|38205|253804
doctype.rb;30083631;1;1384858081;|38206|253805
document.rb;3607802925;1;1384858081;|38207|253806
element.rb;3785337313;1;1384858081;|38208|253807
encoding.rb;2524794349;1;1384858081;|38209|253808
entity.rb;1410279230;1;1384858081;|38210|253809
functions.rb;3134323050;1;1384858081;|38211|253810
instruction.rb;2778552536;1;1384858081;|38212|253811
namespace.rb;229715137;1;1384858081;|38213|253812
node.rb;2064310489;1;1384858081;|38214|253813
output.rb;1355335458;1;1384858081;|38215|253814
parent.rb;3288001188;1;1384858081;|38216|253815
parseexception.rb;2020772719;1;1384858081;|38217|253816
quickpath.rb;727072260;1;1384858081;|38218|253817
rexml.rb;1572097120;1;1384858081;|38219|253818
sax2listener.rb;3022845490;1;1384858081;|38220|253819
source.rb;3565358541;1;1384858081;|38221|253820
streamlistener.rb;657981582;1;1384858081;|38222|253821
syncenumerator.rb;203563783;1;1384858081;|38223|253822
text.rb;56481672;1;1384858081;|38224|253823
undefinednamespaceexception.rb;2312834052;1;1384858081;|38225|253824
xmldecl.rb;1700803049;1;1384858081;|38226|253825
xmltokens.rb;3767286660;1;1384858081;|38227|253826
xpath.rb;824729081;1;1384858081;|38228|253827
xpath_parser.rb;839515323;1;1384858081;|38229|253828
