SCMBranch=Structures
SCMRepository=Structures/MSBuild/BuildTools/Gallio/bin/DLR/libs
SCMMainlineUUID={a5eb9c95-fdd8-40d3-b610-836f3dffaa1e}
SCMBranchRepositoryID=28208
ir.exe;1180391475;1;1384858082;|37952|253551
ir.exe.config;2252950464;1;1384858082;|37953|253552
IronRuby.dll;312399832;1;1384858081;|37944|253543
IronRuby.Libraries.dll;4034468445;1;1384858081;|37943|253542
IronRuby.Libraries.Yaml.dll;3201371828;1;1384858081;|37942|253541
LICENSE.CPL.txt;3868075424;1;1384858082;|37945|253544
LICENSE.MSPL.html;503029462;1;1384858082;|37946|253545
LICENSE.Ruby.txt;933030466;1;1384858082;|37947|253546
Microsoft.Dynamic.dll;2707011053;1;1384858082;|37948|253547
Microsoft.Scripting.Core.dll;2156915249;1;1384858082;|37949|253548
Microsoft.Scripting.dll;937742132;1;1384858082;|37951|253550
Microsoft.Scripting.ExtensionAttribute.dll;1931649861;1;1384858082;|37950|253549
