SCMBranch=Structures
SCMRepository=Structures/MSBuild/BuildTools/Gallio/bin/DLR/libs/IronRuby/lib/IronRuby
SCMMainlineUUID={a5eb9c95-fdd8-40d3-b610-836f3dffaa1e}
SCMBranchRepositoryID=28211
bigdecimal.rb;1258776954;1;1384858081;|37961|253560
digest.rb;2418179028;1;1384858081;|37962|253561
enumerator.rb;301239968;1;1384858081;|37963|253562
etc.rb;17400759;1;1384858081;|37964|253563
fcntl.rb;422201592;1;1384858081;|37965|253564
hacks.rb;4259095936;1;1384858081;|37966|253565
iconv.rb;557868853;1;1384858081;|37967|253566
IronRuby.rb;1572722759;1;1384858081;|37954|253553
nkf.rb;1594501307;1;1384858081;|37968|253567
openssl.rb;3588363380;1;1384858081;|37969|253568
parse_tree.rb;172234313;1;1384858081;|37970|253569
PresentationCore.rb;2489225290;1;1384858081;|37955|253554
PresentationFramework.rb;74309503;1;1384858081;|37956|253555
prime.rb;3884928665;1;1384858081;|37971|253570
rbconfig.rb;4239874398;1;1384858081;|37972|253571
socket.rb;4159606094;1;1384858081;|37973|253572
stringio.rb;1833541932;1;1384858081;|37974|253573
strscan.rb;4072738569;1;1384858081;|37975|253574
syslog.rb;4173797058;1;1384858081;|37976|253575
System.Data.rb;2196771455;1;1384858081;|37957|253556
System.Drawing.rb;1668827181;1;1384858081;|37958|253557
system.rb;1910383556;1;1384858081;|37977|253576
System.Windows.Forms.rb;1566088930;1;1384858081;|37959|253558
thread.rb;3295177017;1;1384858081;|37978|253577
tmpdir.rb;2118325391;1;1384858081;|37979|253578
WindowsBase.rb;118949677;1;1384858081;|37960|253559
yaml.rb;476304907;1;1384858081;|37980|253579
zlib.rb;92181386;1;1384858081;|37981|253580
