SCMBranch=Structures
SCMRepository=Structures/MSBuild/BuildTools/Gallio/bin/DLR/libs/IronRuby/lib/ruby/1.8/drb
SCMMainlineUUID={a5eb9c95-fdd8-40d3-b610-836f3dffaa1e}
SCMBranchRepositoryID=28223
acl.rb;2600574120;1;1384858081;|38082|253681
drb.rb;2778220952;1;1384858081;|38083|253682
eq.rb;2419686681;1;1384858081;|38084|253683
extserv.rb;3961945484;1;1384858081;|38085|253684
extservm.rb;1050049205;1;1384858081;|38086|253685
gw.rb;4284172699;1;1384858081;|38087|253686
invokemethod.rb;1379671318;1;1384858081;|38088|253687
observer.rb;867573387;1;1384858081;|38089|253688
ssl.rb;2771638565;1;1384858081;|38090|253689
timeridconv.rb;3842109257;1;1384858081;|38091|253690
unix.rb;4240463260;1;1384858081;|38092|253691
