SCMBranch=Structures
SCMRepository=Structures/MSBuild/BuildTools/Gallio/bin/CSUnit
SCMMainlineUUID={a5eb9c95-fdd8-40d3-b610-836f3dffaa1e}
SCMBranchRepositoryID=28201
csUnit.Common.dll;3909875804;1;1384858081;|37926|253525
csUnit.Core.dll;2537635333;1;1384858081;|37927|253526
csUnit.dll;1624226411;1;1384858081;|37929|253528
csUnit.dll.tdnet;108808422;1;1384858081;|37930|253529
csUnit.Interfaces.dll;1489425717;1;1384858081;|37928|253527
Gallio.CSUnitAdapter.dll;1835318769;1;1384858081;|37923|253522
Gallio.CSUnitAdapter.plugin;1851322099;1;1384858081;|37924|253523
license.txt;1437650455;1;1384858081;|37931|253530
Readme.txt;3722347570;1;1384858081;|37925|253524
