SCMBranch=Structures
SCMRepository=Structures/MSBuild/BuildTools/Gallio/bin/DLR/libs/IronRuby/lib/ruby/1.8/soap/rpc
SCMMainlineUUID={a5eb9c95-fdd8-40d3-b610-836f3dffaa1e}
SCMBranchRepositoryID=28264
cgistub.rb;2100311468;1;1384858082;|38335|253934
driver.rb;2605759752;1;1384858082;|38336|253935
element.rb;2484457340;1;1384858082;|38337|253936
httpserver.rb;3567086540;1;1384858082;|38338|253937
proxy.rb;2992036528;1;1384858082;|38339|253938
router.rb;4288866404;1;1384858082;|38340|253939
rpc.rb;1300886313;1;1384858082;|38341|253940
soaplet.rb;3578670645;1;1384858082;|38342|253941
standaloneServer.rb;4287242567;1;1384858082;|38343|253942
