SCMBranch=Structures
SCMRepository=Structures/MSBuild/BuildTools/Gallio/bin/DLR/libs/IronRuby/lib/ruby/1.8/net
SCMMainlineUUID={a5eb9c95-fdd8-40d3-b610-836f3dffaa1e}
SCMBranchRepositoryID=28230
ftp.rb;2883171786;1;1384858081;|38131|253730
ftptls.rb;1515477571;1;1384858081;|38132|253731
http.rb;1714401357;1;1384858081;|38133|253732
https.rb;2985298946;1;1384858081;|38134|253733
imap.rb;840345052;1;1384858081;|38135|253734
pop.rb;3699520380;1;1384858081;|38136|253735
protocol.rb;2027024898;1;1384858081;|38137|253736
smtp.rb;1869752698;1;1384858081;|38138|253737
telnet.rb;2250921385;1;1384858081;|38139|253738
telnets.rb;4194661544;1;1384858081;|38140|253739
