SCMBranch=Structures
SCMRepository=Structures/MSBuild/BuildTools/Gallio/bin/DLR/libs/IronRuby/lib/ruby/1.8/irb/ext
SCMMainlineUUID={a5eb9c95-fdd8-40d3-b610-836f3dffaa1e}
SCMBranchRepositoryID=28227
change-ws.rb;114007798;1;1384858081;|38118|253717
history.rb;2908738474;1;1384858081;|38119|253718
loader.rb;4196544099;1;1384858081;|38120|253719
math-mode.rb;263771644;1;1384858081;|38121|253720
multi-irb.rb;627597973;1;1384858081;|38122|253721
save-history.rb;2278799188;1;1384858081;|38123|253722
tracer.rb;594906985;1;1384858081;|38124|253723
use-loader.rb;3818501267;1;1384858081;|38125|253724
workspaces.rb;3865778066;1;1384858081;|38126|253725
