SCMBranch=Structures
SCMRepository=Structures/MSBuild/BuildTools/Gallio/bin/DLR/libs/IronRuby/lib/ruby/1.8/irb
SCMMainlineUUID={a5eb9c95-fdd8-40d3-b610-836f3dffaa1e}
SCMBranchRepositoryID=28225
completion.rb;3240773384;1;1384858081;|38094|253693
context.rb;139367242;1;1384858081;|38095|253694
extend-command.rb;4012402609;1;1384858081;|38096|253695
frame.rb;3658165794;1;1384858081;|38097|253696
help.rb;3204113245;1;1384858081;|38098|253697
init.rb;2069249373;1;1384858081;|38099|253698
input-method.rb;2145515213;1;1384858081;|38100|253699
locale.rb;4152971552;1;1384858081;|38101|253700
notifier.rb;3511242114;1;1384858081;|38102|253701
output-method.rb;1422602443;1;1384858081;|38103|253702
ruby-lex.rb;2993420875;1;1384858081;|38104|253703
ruby-token.rb;3139244599;1;1384858081;|38105|253704
slex.rb;534503349;1;1384858081;|38106|253705
version.rb;170014350;1;1384858081;|38107|253706
workspace.rb;3921622660;1;1384858081;|38108|253707
ws-for-case-2.rb;1098781434;1;1384858081;|38109|253708
xmp.rb;1458038308;1;1384858081;|38110|253709
