SCMBranch=Structures
SCMRepository=Structures/MSBuild/BuildTools/Gallio/bin/RSpec/libs/rspec-1.2.7/examples/passing
SCMMainlineUUID={a5eb9c95-fdd8-40d3-b610-836f3dffaa1e}
SCMBranchRepositoryID=28323
custom_formatter.rb;3748763002;1;1384858082;|38702|254301
custom_matchers.rb;594122960;1;1384858082;|38703|254302
dynamic_spec.rb;503931086;1;1384858082;|38704|254303
file_accessor.rb;1962745045;1;1384858082;|38705|254304
file_accessor_spec.rb;2766829661;1;1384858082;|38706|254305
filtered_formatter.rb;2838408298;1;1384858082;|38707|254306
filtered_formatter_example.rb;2952089912;1;1384858082;|38708|254307
greeter_spec.rb;317321280;1;1384858082;|38709|254308
helper_method_example.rb;849956119;1;1384858082;|38710|254309
implicit_docstrings_example.rb;286047047;1;1384858082;|38711|254310
io_processor.rb;1497217411;1;1384858082;|38712|254311
io_processor_spec.rb;3857685281;1;1384858082;|38713|254312
mocking_example.rb;72736329;1;1384858082;|38714|254313
multi_threaded_example_group_runner.rb;3858674175;1;1384858082;|38715|254314
nested_classes_example.rb;3539924422;1;1384858082;|38716|254315
options_example.rb;2319987954;1;1384858082;|38717|254316
options_formatter.rb;1644877111;1;1384858082;|38718|254317
partial_mock_example.rb;3123072952;1;1384858082;|38719|254318
pending_example.rb;3411624866;1;1384858082;|38720|254319
predicate_example.rb;503677917;1;1384858082;|38721|254320
shared_example_group_example.rb;4036055816;1;1384858082;|38722|254321
shared_stack_examples.rb;3084802484;1;1384858082;|38723|254322
simple_matcher_example.rb;1378497041;1;1384858082;|38724|254323
spec_helper.rb;659217195;1;1384858082;|38725|254324
stack.rb;2074211402;1;1384858082;|38726|254325
stack_spec.rb;3484315608;1;1384858082;|38727|254326
stack_spec_with_nested_example_groups.rb;3669306214;1;1384858082;|38728|254327
stubbing_example.rb;2586258585;1;1384858082;|38729|254328
yielding_example.rb;1627096949;1;1384858082;|38730|254329
