SCMBranch=Structures
SCMRepository=Structures/MSBuild/BuildTools/Gallio/bin/RSpec/libs/rspec-1.2.7/lib/spec
SCMMainlineUUID={a5eb9c95-fdd8-40d3-b610-836f3dffaa1e}
SCMBranchRepositoryID=28327
autorun.rb;790204253;1;1384858082;|38735|254334
deprecation.rb;1128477066;1;1384858082;|38736|254335
dsl.rb;3043019384;1;1384858082;|38737|254336
example.rb;4035786533;1;1384858082;|38738|254337
expectations.rb;2355353875;1;1384858082;|38739|254338
matchers.rb;3798762341;1;1384858082;|38740|254339
mocks.rb;3196713677;1;1384858082;|38741|254340
ruby.rb;297110775;1;1384858082;|38742|254341
runner.rb;3003592545;1;1384858082;|38743|254342
version.rb;876509898;1;1384858082;|38744|254343
