SCMBranch=Structures
SCMRepository=Structures/MSBuild/BuildTools/Gallio/bin/DLR/libs/IronRuby/lib/ruby/1.8/yaml
SCMMainlineUUID={a5eb9c95-fdd8-40d3-b610-836f3dffaa1e}
SCMBranchRepositoryID=28286
baseemitter.rb;2843678811;1;1384858082;|38500|254099
basenode.rb;916057087;1;1384858082;|38501|254100
constants.rb;3441102059;1;1384858082;|38502|254101
dbm.rb;446421927;1;1384858082;|38503|254102
encoding.rb;3880296581;1;1384858082;|38504|254103
error.rb;4033435237;1;1384858082;|38505|254104
loader.rb;1996576802;1;1384858082;|38506|254105
rubytypes.rb;497045360;1;1384858082;|38507|254106
store.rb;4057508146;1;1384858082;|38508|254107
stream.rb;3352001164;1;1384858082;|38509|254108
stringio.rb;1667517665;1;1384858082;|38510|254109
syck.rb;2213775969;1;1384858082;|38511|254110
tag.rb;2960702646;1;1384858082;|38512|254111
types.rb;3342582689;1;1384858082;|38513|254112
yamlnode.rb;979446987;1;1384858082;|38514|254113
ypath.rb;2820681339;1;1384858082;|38515|254114
