SCMBranch=Structures
SCMRepository=Structures/MSBuild/BuildTools/Gallio/bin/DLR/libs/IronRuby/lib/ruby/1.8/xsd
SCMMainlineUUID={a5eb9c95-fdd8-40d3-b610-836f3dffaa1e}
SCMBranchRepositoryID=28283
charset.rb;3534387918;1;1384858082;|38481|254080
codegen.rb;2650120811;1;1384858082;|38482|254081
datatypes.rb;2834331820;1;1384858082;|38483|254082
datatypes1999.rb;1580348175;1;1384858082;|38484|254083
iconvcharset.rb;1367941350;1;1384858082;|38485|254084
mapping.rb;3440746343;1;1384858082;|38486|254085
namedelements.rb;3239467062;1;1384858082;|38487|254086
ns.rb;3356137097;1;1384858082;|38488|254087
qname.rb;2577528843;1;1384858082;|38489|254088
xmlparser.rb;2735191717;1;1384858082;|38490|254089
