SCMBranch=Structures
SCMRepository=Structures/MSBuild/BuildTools/Gallio/bin/RSpec/libs/rspec-1.2.7/examples/failing
SCMMainlineUUID={a5eb9c95-fdd8-40d3-b610-836f3dffaa1e}
SCMBranchRepositoryID=28322
diffing_spec.rb;4044491352;1;1384858082;|38686|254285
failing_implicit_docstrings_example.rb;3527129374;1;1384858082;|38687|254286
failure_in_after.rb;3763972866;1;1384858082;|38688|254287
failure_in_before.rb;2086998286;1;1384858082;|38689|254288
mocking_example.rb;2217322004;1;1384858082;|38690|254289
mocking_with_flexmock.rb;3744000726;1;1384858082;|38691|254290
mocking_with_mocha.rb;3212785127;1;1384858082;|38692|254291
mocking_with_rr.rb;213343071;1;1384858082;|38693|254292
partial_mock_example.rb;3272262007;1;1384858082;|38694|254293
pending_example.rb;3019137092;1;1384858082;|38695|254294
predicate_example.rb;4252825133;1;1384858082;|38696|254295
raising_example.rb;1779331043;1;1384858082;|38697|254296
README.txt;3479572102;1;1384858082;|38685|254284
spec_helper.rb;2470631567;1;1384858082;|38698|254297
syntax_error_example.rb;3955910601;1;1384858082;|38699|254298
team_spec.rb;908466737;1;1384858082;|38700|254299
timeout_behaviour.rb;859531231;1;1384858082;|38701|254300
