SCMBranch=Structures
SCMRepository=Structures/MSBuild/BuildTools/Gallio/bin/DLR/libs/IronRuby/lib/ruby/1.8/irb/cmd
SCMMainlineUUID={a5eb9c95-fdd8-40d3-b610-836f3dffaa1e}
SCMBranchRepositoryID=28226
chws.rb;2573278421;1;1384858081;|38111|253710
fork.rb;3218496092;1;1384858081;|38112|253711
help.rb;2408061823;1;1384858081;|38113|253712
load.rb;570320271;1;1384858081;|38114|253713
nop.rb;3355125730;1;1384858081;|38115|253714
pushws.rb;1253314791;1;1384858081;|38116|253715
subirb.rb;2367735241;1;1384858081;|38117|253716
