SCMBranch=Structures
SCMRepository=Structures/MSBuild/BuildTools/Gallio/bin/DLR/libs/IronRuby/lib/ruby/1.8/rdoc/ri
SCMMainlineUUID={a5eb9c95-fdd8-40d3-b610-836f3dffaa1e}
SCMBranchRepositoryID=28246
ri_cache.rb;4144315950;1;1384858081;|38191|253790
ri_descriptions.rb;1028453110;1;1384858081;|38192|253791
ri_display.rb;4141511999;1;1384858081;|38193|253792
ri_driver.rb;1771180252;1;1384858081;|38194|253793
ri_formatter.rb;1174335627;1;1384858081;|38195|253794
ri_options.rb;3308553512;1;1384858081;|38196|253795
ri_paths.rb;762023973;1;1384858081;|38197|253796
ri_reader.rb;2950385473;1;1384858081;|38198|253797
ri_util.rb;1066743905;1;1384858081;|38199|253798
ri_writer.rb;1382265312;1;1384858081;|38200|253799
