SCMBranch=Structures
SCMRepository=Structures/MSBuild/BuildTools/Gallio/bin/xUnit/v1.6.1
SCMMainlineUUID={a5eb9c95-fdd8-40d3-b610-836f3dffaa1e}
SCMBranchRepositoryID=28360
EULA.txt;3166406538;4294967295;1390387509;|38880|254479
Readme.txt;2350305266;4294967295;1390387509;|38883|254482
xunit.extensions.xml;3933985975;4294967295;1390387510;|38887|254486
xunit.xml;1804802463;4294967295;1390387510;|38888|254487
Gallio.XunitAdapter161.dll;3052210870;1;1384858082;|38881|254480
Gallio.XunitAdapter161.plugin;2764027748;1;1384858082;|38882|254481
xunit.dll;1740331971;1;1384858082;|38884|254483
xunit.dll.tdnet;727107728;1;1384858082;|38885|254484
xunit.extensions.dll;1328211894;1;1384858082;|38886|254485
