SCMBranch=Structures
SCMRepository=Structures/MSBuild/BuildTools/Gallio/bin/RSpec/libs/rspec-1.2.7/lib/spec/mocks
SCMMainlineUUID={a5eb9c95-fdd8-40d3-b610-836f3dffaa1e}
SCMBranchRepositoryID=28341
argument_expectation.rb;875438672;1;1384858082;|38805|254404
argument_matchers.rb;4133272692;1;1384858082;|38806|254405
error_generator.rb;2974781604;1;1384858082;|38807|254406
errors.rb;904114241;1;1384858082;|38808|254407
extensions.rb;423375498;1;1384858082;|38809|254408
framework.rb;1500249111;1;1384858082;|38810|254409
message_expectation.rb;4061475819;1;1384858082;|38811|254410
methods.rb;2332601359;1;1384858082;|38812|254411
mock.rb;4033742386;1;1384858082;|38813|254412
order_group.rb;1003896099;1;1384858082;|38814|254413
proxy.rb;4250301736;1;1384858082;|38815|254414
space.rb;1023074410;1;1384858082;|38816|254415
spec_methods.rb;1655350252;1;1384858082;|38817|254416
