SCMBranch=Structures
SCMRepository=Structures/MSBuild/BuildTools/Gallio/bin/DLR/libs/IronRuby/lib/ruby/1.8/wsdl/soap
SCMMainlineUUID={a5eb9c95-fdd8-40d3-b610-836f3dffaa1e}
SCMBranchRepositoryID=28280
address.rb;1390895998;1;1384858082;|38425|254024
binding.rb;518198205;1;1384858082;|38426|254025
body.rb;2012756629;1;1384858082;|38427|254026
cgiStubCreator.rb;2834510151;1;1384858082;|38428|254027
classDefCreator.rb;1987065980;1;1384858082;|38429|254028
classDefCreatorSupport.rb;4267991849;1;1384858082;|38430|254029
clientSkeltonCreator.rb;875214771;1;1384858082;|38431|254030
complexType.rb;3360774452;1;1384858082;|38432|254031
data.rb;2886333288;1;1384858082;|38433|254032
definitions.rb;2891964870;1;1384858082;|38434|254033
driverCreator.rb;2237298301;1;1384858082;|38435|254034
element.rb;125936699;1;1384858082;|38436|254035
fault.rb;867122951;1;1384858082;|38437|254036
header.rb;1167673533;1;1384858082;|38438|254037
headerfault.rb;2818652311;1;1384858082;|38439|254038
mappingRegistryCreator.rb;2073004938;1;1384858082;|38440|254039
methodDefCreator.rb;44213044;1;1384858082;|38441|254040
operation.rb;2380359914;1;1384858082;|38442|254041
servantSkeltonCreator.rb;533022699;1;1384858082;|38443|254042
standaloneServerStubCreator.rb;2224470360;1;1384858082;|38444|254043
wsdl2ruby.rb;2121542127;1;1384858082;|38445|254044
