SCMBranch=Structures
SCMRepository=Structures/MSBuild/BuildTools/Gallio/bin/DLR/libs/IronRuby/lib/ruby/1.8/soap
SCMMainlineUUID={a5eb9c95-fdd8-40d3-b610-836f3dffaa1e}
SCMBranchRepositoryID=28260
attachment.rb;72986036;1;1384858082;|38306|253905
baseData.rb;736908141;1;1384858082;|38307|253906
element.rb;3602521096;1;1384858082;|38308|253907
generator.rb;3082527028;1;1384858082;|38309|253908
httpconfigloader.rb;2224850758;1;1384858082;|38310|253909
mapping.rb;2755550811;1;1384858082;|38311|253910
marshal.rb;3245276205;1;1384858082;|38312|253911
mimemessage.rb;73570906;1;1384858082;|38313|253912
netHttpClient.rb;481980946;1;1384858082;|38314|253913
parser.rb;2956362136;1;1384858082;|38315|253914
processor.rb;1345591329;1;1384858082;|38316|253915
property.rb;3674506560;1;1384858082;|38317|253916
soap.rb;1798752525;1;1384858082;|38318|253917
streamHandler.rb;285319711;1;1384858082;|38319|253918
wsdlDriver.rb;434767241;1;1384858082;|38320|253919
