SCMBranch=Structures
SCMRepository=Structures/MSBuild/BuildTools/Gallio/bin/NCover/libs/NCover
SCMMainlineUUID={a5eb9c95-fdd8-40d3-b610-836f3dffaa1e}
SCMBranchRepositoryID=28298
Coverage.xsl;1447070551;1;1384858082;|38547|254146
CoverLib.dll;1746927455;1;1384858082;|38546|254145
Microsoft.VC80.CRT.manifest;437403743;1;1384858082;|38550|254149
MSVCP80.dll;1359536405;1;1384858082;|38548|254147
MSVCR80.dll;412186895;1;1384858082;|38549|254148
NCover.Console.exe;1938652599;1;1384858082;|38551|254150
NCover.Console.exe.config;3399440898;1;1384858082;|38552|254151
NCover.Framework.dll;1121960700;1;1384858082;|38553|254152
NCoverFAQ.html;2230816853;1;1384858082;|38554|254153
