SCMBranch=Structures
SCMRepository=Structures/MSBuild/BuildTools/Gallio/bin/DLR/libs/IronRuby/lib/ruby/1.8/wsdl
SCMMainlineUUID={a5eb9c95-fdd8-40d3-b610-836f3dffaa1e}
SCMBranchRepositoryID=28279
binding.rb;3741647175;1;1384858082;|38407|254006
data.rb;2898401894;1;1384858082;|38408|254007
definitions.rb;1311760094;1;1384858082;|38409|254008
documentation.rb;2962118760;1;1384858082;|38410|254009
import.rb;2926676843;1;1384858082;|38411|254010
importer.rb;3201790462;1;1384858082;|38412|254011
info.rb;1835902308;1;1384858082;|38413|254012
message.rb;2418696568;1;1384858082;|38414|254013
operation.rb;1303466967;1;1384858082;|38415|254014
operationBinding.rb;2286770509;1;1384858082;|38416|254015
param.rb;3278045970;1;1384858082;|38417|254016
parser.rb;2532586799;1;1384858082;|38418|254017
part.rb;2125917099;1;1384858082;|38419|254018
port.rb;904648857;1;1384858082;|38420|254019
portType.rb;3693053622;1;1384858082;|38421|254020
service.rb;2728803235;1;1384858082;|38422|254021
types.rb;2905207445;1;1384858082;|38423|254022
wsdl.rb;4217780000;1;1384858082;|38424|254023
