SCMBranch=Structures
SCMRepository=Structures/MSBuild/BuildTools/Gallio/bin/DLR/libs/IronRuby/lib/ruby/1.8/rss
SCMMainlineUUID={a5eb9c95-fdd8-40d3-b610-836f3dffaa1e}
SCMBranchRepositoryID=28255
0.9.rb;2270115888;1;1384858081;|38264|253863
1.0.rb;1698553244;1;1384858081;|38265|253864
2.0.rb;586984518;1;1384858081;|38266|253865
content.rb;3497095005;1;1384858081;|38267|253866
converter.rb;1066680388;1;1384858081;|38268|253867
dublincore.rb;142413337;1;1384858081;|38269|253868
image.rb;2436181570;1;1384858081;|38270|253869
maker.rb;3604149151;1;1384858081;|38271|253870
parser.rb;464454933;1;1384858082;|38272|253871
rexmlparser.rb;818086276;1;1384858082;|38273|253872
rss.rb;3161383763;1;1384858082;|38274|253873
syndication.rb;792810202;1;1384858082;|38275|253874
taxonomy.rb;2783955524;1;1384858082;|38276|253875
trackback.rb;1328538715;1;1384858082;|38277|253876
utils.rb;4175019970;1;1384858082;|38278|253877
xml-stylesheet.rb;2245704094;1;1384858082;|38279|253878
xmlparser.rb;513543993;1;1384858082;|38280|253879
xmlscanner.rb;3186690121;1;1384858082;|38281|253880
