SCMBranch=Structures
SCMRepository=Structures/MSBuild/BuildTools/Gallio/bin/MbUnit2
SCMMainlineUUID={a5eb9c95-fdd8-40d3-b610-836f3dffaa1e}
SCMBranchRepositoryID=28289
Readme.txt;166184564;4294967295;1384858082;|38527|254126
MbUnit.Framework.2.0.xml;2989271545;4294967295;1390387509;|38519|254118
Refly.xml;3487071892;4294967295;1390387509;|38529|254128
TestFu.xml;2617833789;4294967295;1390387509;|38531|254130
Gallio.MbUnit2Adapter.dll;555162905;1;1384858082;|38516|254115
Gallio.MbUnit2Adapter.plugin;889679730;1;1384858082;|38517|254116
MbUnit.Framework.2.0.dll;366469132;1;1384858082;|38518|254117
MbUnit.Framework.dll;385874894;1;1384858082;|38520|254119
MbUnit.Framework.dll.tdnet;1826752238;1;1384858082;|38521|254120
MbUnit.Framework.xml;3132092126;1;1384858082;|38522|254121
QuickGraph.Algorithms.dll;2702529257;1;1384858082;|38523|254122
QuickGraph.Algorithms.xml;78498363;1;1384858082;|38524|254123
QuickGraph.dll;2848025666;1;1384858082;|38525|254124
QuickGraph.xml;2741102866;1;1384858082;|38526|254125
Refly.dll;1086432855;1;1384858082;|38528|254127
TestFu.dll;301751289;1;1384858082;|38530|254129
