SCMBranch=Structures
SCMRepository=Structures/MSBuild/BuildTools/Gallio/bin/DLR/libs/IronRuby/lib/ruby/1.8/webrick
SCMMainlineUUID={a5eb9c95-fdd8-40d3-b610-836f3dffaa1e}
SCMBranchRepositoryID=28276
accesslog.rb;886802176;1;1384858082;|38373|253972
cgi.rb;2730361219;1;1384858082;|38374|253973
compat.rb;2468559854;1;1384858082;|38375|253974
config.rb;129035665;1;1384858082;|38376|253975
cookie.rb;3360740487;1;1384858082;|38377|253976
htmlutils.rb;2485925695;1;1384858082;|38378|253977
httpauth.rb;3096283220;1;1384858082;|38379|253978
httpproxy.rb;2811567852;1;1384858082;|38380|253979
httprequest.rb;1857196523;1;1384858082;|38381|253980
httpresponse.rb;1470503750;1;1384858082;|38382|253981
https.rb;2220781083;1;1384858082;|38383|253982
httpserver.rb;651244120;1;1384858082;|38384|253983
httpservlet.rb;3744129728;1;1384858082;|38385|253984
httpstatus.rb;3121127250;1;1384858082;|38386|253985
httputils.rb;2054835001;1;1384858082;|38387|253986
httpversion.rb;2848183948;1;1384858082;|38388|253987
log.rb;3391938065;1;1384858082;|38389|253988
server.rb;1411976638;1;1384858082;|38390|253989
ssl.rb;2194187687;1;1384858082;|38391|253990
utils.rb;539656623;1;1384858082;|38392|253991
version.rb;683118129;1;1384858082;|38393|253992
