SCMBranch=Structures
SCMRepository=Structures/MSBuild/BuildTools/Gallio/bin/DLR/libs/IronRuby/lib/ruby/1.8/rexml/encodings
SCMMainlineUUID={a5eb9c95-fdd8-40d3-b610-836f3dffaa1e}
SCMBranchRepositoryID=28249
CP-1252.rb;2274252127;1;1384858081;|38235|253834
EUC-JP.rb;1088230661;1;1384858081;|38236|253835
ICONV.rb;3711253476;1;1384858081;|38237|253836
ISO-8859-1.rb;940578379;1;1384858081;|38238|253837
ISO-8859-15.rb;2488697045;1;1384858081;|38239|253838
SHIFT-JIS.rb;1845443541;1;1384858081;|38240|253839
SHIFT_JIS.rb;810095301;1;1384858081;|38241|253840
UNILE.rb;1449000713;1;1384858081;|38242|253841
US-ASCII.rb;1845043078;1;1384858081;|38243|253842
UTF-16.rb;3268557534;1;1384858081;|38244|253843
UTF-8.rb;2232487223;1;1384858081;|38245|253844
