SCMBranch=Structures
SCMRepository=Structures/MSBuild/BuildTools/Gallio/bin/DLR/libs/IronRuby/lib/ruby/1.8/rss/maker
SCMMainlineUUID={a5eb9c95-fdd8-40d3-b610-836f3dffaa1e}
SCMBranchRepositoryID=28256
0.9.rb;1934139700;1;1384858081;|38282|253881
1.0.rb;3797151197;1;1384858081;|38283|253882
2.0.rb;2208225035;1;1384858081;|38284|253883
base.rb;522571596;1;1384858081;|38285|253884
content.rb;880401478;1;1384858081;|38286|253885
dublincore.rb;344492105;1;1384858081;|38287|253886
image.rb;289795339;1;1384858081;|38288|253887
syndication.rb;3006192882;1;1384858082;|38289|253888
taxonomy.rb;1732615659;1;1384858082;|38290|253889
trackback.rb;3382633048;1;1384858082;|38291|253890
