SCMBranch=Structures
SCMRepository=Structures/MSBuild/BuildTools/Gallio/bin/RSpec/libs/rspec-1.2.7
SCMMainlineUUID={a5eb9c95-fdd8-40d3-b610-836f3dffaa1e}
SCMBranchRepositoryID=28320
History.rdoc;754126705;1;1384858082;|38678|254277
License.txt;967068877;1;1384858082;|38679|254278
Manifest.txt;3443619255;1;1384858082;|38680|254279
README.rdoc;1765981015;1;1384858082;|38681|254280
Ruby1.9.rdoc;1836148764;1;1384858082;|38682|254281
TODO.txt;1012108152;1;1384858082;|38683|254282
Upgrade.rdoc;3848260738;1;1384858082;|38684|254283
