SCMBranch=Structures
SCMRepository=Structures/MSBuild/BuildTools/Gallio/bin/Resources
SCMMainlineUUID={a5eb9c95-fdd8-40d3-b610-836f3dffaa1e}
SCMBranchRepositoryID=28310
Assembly.ico;1236736096;1;1384858082;|38606|254205
Container.ico;285019498;1;1384858082;|38607|254206
Fixture.ico;3442407927;1;1384858082;|38608|254207
Gallio.ControlPanel.ico;2227323179;1;1384858082;|38609|254208
Gallio.Echo.ico;2804498635;1;1384858082;|38610|254209
Gallio.Icarus.ico;2227323179;1;1384858082;|38611|254210
Gallio.ico;2227323179;1;1384858082;|38613|254212
Gallio.Utility.ico;2804498635;1;1384858082;|38612|254211
MbUnit.ico;3399287672;1;1384858082;|38614|254213
Test.ico;3567239887;1;1384858082;|38615|254214
Unsupported.ico;1189961315;1;1384858082;|38616|254215
