SCMBranch=Structures
SCMRepository=Structures/MSBuild/BuildTools/Gallio/bin/Resources/img
SCMMainlineUUID={a5eb9c95-fdd8-40d3-b610-836f3dffaa1e}
SCMBranchRepositoryID=28312
Failed.gif;3940008749;1;1384858082;|38619|254218
FullStop.gif;3064479323;1;1384858082;|38620|254219
GallioTestReportHeader.png;3190850213;1;1384858082;|38621|254220
header-background.gif;1695473470;1;1384858082;|38627|254226
Ignored.gif;4020566754;1;1384858082;|38622|254221
Minus.gif;1803424743;1;1384858082;|38623|254222
Passed.gif;442151748;1;1384858082;|38624|254223
Plus.gif;2630941496;1;1384858082;|38625|254224
UnknownTestKind.png;4064028544;1;1384858082;|38626|254225
