SCMBranch=Structures
SCMRepository=Structures/MSBuild/BuildTools/Gallio/bin/RSpec/libs/rspec-1.2.7/lib/spec/matchers
SCMMainlineUUID={a5eb9c95-fdd8-40d3-b610-836f3dffaa1e}
SCMBranchRepositoryID=28339
be.rb;768521941;1;1384858082;|38777|254376
be_close.rb;1215647452;1;1384858082;|38778|254377
be_instance_of.rb;2373371218;1;1384858082;|38779|254378
be_kind_of.rb;3383955973;1;1384858082;|38780|254379
change.rb;3363559696;1;1384858082;|38781|254380
compatibility.rb;4019843658;1;1384858082;|38782|254381
dsl.rb;1612589846;1;1384858082;|38783|254382
eql.rb;3735301308;1;1384858082;|38784|254383
equal.rb;11173893;1;1384858082;|38785|254384
errors.rb;915363418;1;1384858082;|38786|254385
exist.rb;2358327616;1;1384858082;|38787|254386
generated_descriptions.rb;1259447351;1;1384858082;|38788|254387
has.rb;1234529327;1;1384858082;|38789|254388
have.rb;4117273353;1;1384858082;|38790|254389
include.rb;3374103102;1;1384858082;|38791|254390
match.rb;464446439;1;1384858082;|38792|254391
match_array.rb;3519640524;1;1384858082;|38793|254392
matcher.rb;611664149;1;1384858082;|38794|254393
method_missing.rb;465691230;1;1384858082;|38795|254394
operator_matcher.rb;584671671;1;1384858082;|38796|254395
pretty.rb;8646526;1;1384858082;|38797|254396
raise_error.rb;3800580169;1;1384858082;|38798|254397
respond_to.rb;2973929214;1;1384858082;|38799|254398
satisfy.rb;614522867;1;1384858082;|38800|254399
simple_matcher.rb;3192033961;1;1384858082;|38801|254400
throw_symbol.rb;96094978;1;1384858082;|38802|254401
wrap_expectation.rb;2266010692;1;1384858082;|38803|254402
