SCMBranch=Structures
SCMRepository=Structures/MSBuild/BuildTools/Gallio/bin/DLR/libs/IronRuby/lib/ruby/1.8/xmlrpc
SCMMainlineUUID={a5eb9c95-fdd8-40d3-b610-836f3dffaa1e}
SCMBranchRepositoryID=28282
base64.rb;3670184220;1;1384858082;|38471|254070
client.rb;3065378695;1;1384858082;|38472|254071
config.rb;3042821173;1;1384858082;|38473|254072
create.rb;1498588091;1;1384858082;|38474|254073
datetime.rb;3001644638;1;1384858082;|38475|254074
httpserver.rb;474380153;1;1384858082;|38476|254075
marshal.rb;2844376555;1;1384858082;|38477|254076
parser.rb;475649176;1;1384858082;|38478|254077
server.rb;3490310174;1;1384858082;|38479|254078
utils.rb;3250957970;1;1384858082;|38480|254079
